"topic_1","topic_2","topic_3","topic_4","topic_5","topic_6","topic_7","topic_8","topic_9","topic_10"
0.00014,0.31618,0.09166,0.42468,0.00014,0.06474,0.00014,0.00014,0.10206,0.00014
0.00039,0.00039,0.00039,0.00039,0.00039,0.24244,0.00039,0.75442,0.00039,0.00039
0.00008,0.00008,0.00008,0.03182,0.13235,0.12564,0.11063,0.0842,0.00008,0.51504
0.0002,0.0002,0.01981,0.05242,0.0002,0.26534,0.66123,0.0002,0.0002,0.0002
0.00159,0.39918,0.00159,0.58808,0.00159,0.00159,0.00159,0.00159,0.00159,0.00159
0.00108,0.00108,0.00108,0.00108,0.00108,0.00108,0.00108,0.99031,0.00108,0.00108
0.38311,0.0001,0.02981,0.02783,0.07623,0.0001,0.36118,0.12143,0.0001,0.0001
0.19463,0.00071,0.00071,0.58197,0.00071,0.00071,0.00071,0.00071,0.00071,0.21842
0.17129,0.00028,0.41953,0.00028,0.00028,0.00028,0.15968,0.00028,0.24783,0.00028
0.98145,0.00206,0.00206,0.00206,0.00206,0.00206,0.00206,0.00206,0.00206,0.00206
0.00065,0.00065,0.00065,0.00065,0.00065,0.00065,0.00065,0.99412,0.00065,0.00065
0.00246,0.00246,0.00246,0.00246,0.00246,0.48228,0.00246,0.49801,0.00246,0.00246
0.00256,0.00256,0.00256,0.00256,0.00256,0.8675,0.11199,0.00256,0.00256,0.00256
0.00019,0.06564,0.00019,0.00019,0.00019,0.00019,0.83593,0.00019,0.0971,0.00019
0.89923,0.00033,0.00033,0.00033,0.00033,0.00033,0.08402,0.00033,0.00033,0.01443
0.08313,0.00012,0.42652,0.00012,0.00012,0.00012,0.17577,0.00012,0.31385,0.00012
0.00159,0.00159,0.00159,0.00159,0.00159,0.66624,0.03494,0.28766,0.00159,0.00159
0.00279,0.00279,0.00279,0.39498,0.00279,0.00279,0.00279,0.58269,0.00279,0.00279
0.00048,0.00048,0.00048,0.00048,0.00048,0.22851,0.00048,0.76762,0.00048,0.00048
0.00031,0.00031,0.00031,0.00031,0.00031,0.22713,0.00031,0.77037,0.00031,0.00031
0.00051,0.17245,0.00051,0.00051,0.00051,0.26583,0.04792,0.47646,0.00051,0.03475
0.00036,0.00036,0.00036,0.00036,0.00036,0.00036,0.00036,0.96775,0.02939,0.00036
0.10552,0.00005,0.00005,0.00005,0.00005,0.00005,0.87457,0.00005,0.01955,0.00005
0.00237,0.00237,0.00237,0.50791,0.00237,0.00237,0.00237,0.00237,0.22277,0.25272
0.00059,0.00059,0.00059,0.00059,0.00059,0.63072,0.00059,0.36458,0.00059,0.00059
0.98258,0.00194,0.00194,0.00194,0.00194,0.00194,0.00194,0.00194,0.00194,0.00194
0.00237,0.00237,0.00237,0.00237,0.00237,0.00237,0.00237,0.00237,0.00237,0.97866
0.00028,0.00028,0.00028,0.00028,0.00028,0.75742,0.00028,0.12734,0.00028,0.11326
0.10852,0.00005,0.00005,0.00005,0.00005,0.00005,0.8911,0.00005,0.00005,0.00005
0.00036,0.00036,0.00036,0.02429,0.00036,0.77669,0.00036,0.11736,0.00036,0.07949
0.10637,0.00005,0.00005,0.00005,0.00005,0.00005,0.89324,0.00005,0.00005,0.00005
0.07555,0.0001,0.47854,0.0001,0.0001,0.0001,0.16503,0.0001,0.28027,0.0001
0.00092,0.81207,0.03724,0.00092,0.00092,0.00092,0.00092,0.00092,0.14424,0.00092
0.00025,0.00025,0.02982,0.02107,0.00025,0.00025,0.39331,0.55428,0.00025,0.00025
0.10482,0.00005,0.00005,0.00005,0.00005,0.00005,0.89477,0.00005,0.00005,0.00005
0.00133,0.10079,0.00133,0.00133,0.00133,0.00133,0.00133,0.00133,0.00133,0.88861
0.00182,0.00182,0.00182,0.00182,0.00182,0.00182,0.00182,0.98359,0.00182,0.00182
0.00026,0.15191,0.00026,0.00026,0.00026,0.00026,0.80537,0.00026,0.0409,0.00026
0.41958,0.00138,0.00138,0.00138,0.00138,0.00138,0.00138,0.00138,0.56935,0.00138
0.1678,0.00038,0.00038,0.22358,0.00038,0.00038,0.07273,0.00038,0.28559,0.24839
0.00279,0.10913,0.00279,0.00279,0.00279,0.00279,0.86855,0.00279,0.00279,0.00279
0.00045,0.00045,0.00045,0.00045,0.00045,0.00045,0.00045,0.99599,0.00045,0.00045
0.05128,0.1877,0.00027,0.00027,0.00027,0.5132,0.00027,0.00027,0.00027,0.24617
0.00025,0.00025,0.00025,0.01332,0.22007,0.00025,0.76487,0.00025,0.00025,0.00025
0.00054,0.00054,0.00054,0.00054,0.00054,0.00054,0.00054,0.99517,0.00054,0.00054
0.002,0.002,0.002,0.10053,0.31828,0.39686,0.002,0.17235,0.002,0.002
0.00065,0.29676,0.00065,0.44994,0.00065,0.1883,0.06108,0.00065,0.00065,0.00065
0.09644,0.0001,0.42924,0.0001,0.0001,0.0001,0.13145,0.0001,0.34225,0.0001
0.00018,0.19799,0.00018,0.08044,0.00018,0.00018,0.66944,0.00018,0.05102,0.00018
0.05899,0.19291,0.00029,0.00029,0.00029,0.50075,0.00029,0.00029,0.00029,0.24561
0.00058,0.00058,0.00058,0.00058,0.00058,0.00058,0.00058,0.99477,0.00058,0.00058
0.00172,0.00172,0.00172,0.07686,0.10004,0.75289,0.00172,0.00172,0.05986,0.00172
0.00041,0.00041,0.00041,0.00041,0.28767,0.35918,0.00041,0.30263,0.00041,0.04808
0.56684,0.00006,0.00006,0.01848,0.29168,0.00006,0.04841,0.00006,0.02047,0.0539
0.00025,0.24893,0.00025,0.31273,0.00025,0.00025,0.2506,0.08176,0.00025,0.10474
0.02272,0.00025,0.00025,0.00025,0.28849,0.31718,0.22713,0.00025,0.00025,0.14324
0.00256,0.68109,0.00256,0.2984,0.00256,0.00256,0.00256,0.00256,0.00256,0.00256
0.01639,0.00026,0.00026,0.00026,0.22584,0.18885,0.12407,0.30883,0.00026,0.13497
0.43939,0.01,0.06991,0.00002,0.00002,0.06596,0.2258,0.03268,0.01018,0.14603
0.0002,0.02018,0.0002,0.02049,0.01365,0.25156,0.17997,0.42603,0.0002,0.08753
0.00045,0.04116,0.00045,0.00045,0.00045,0.044,0.28122,0.00045,0.63093,0.00045
0.00099,0.00099,0.00099,0.00099,0.00099,0.49364,0.00099,0.00099,0.04525,0.45417
0.00256,0.00256,0.00256,0.00256,0.00256,0.97693,0.00256,0.00256,0.00256,0.00256
0.00043,0.35996,0.00043,0.00043,0.00043,0.44223,0.00043,0.00043,0.00043,0.19481
0.0001,0.29705,0.0001,0.0001,0.06071,0.35807,0.0001,0.0001,0.0001,0.28358
0.00256,0.00256,0.00256,0.00256,0.08109,0.74298,0.00256,0.00256,0.00256,0.15799
0.01758,0.00041,0.00041,0.00041,0.00041,0.00041,0.00041,0.00041,0.00041,0.97914
0.07134,0.00023,0.00023,0.00023,0.28167,0.34414,0.00023,0.23393,0.00023,0.06776
0.47033,0.00237,0.00237,0.16403,0.00237,0.34904,0.00237,0.00237,0.00237,0.00237
0.00213,0.00213,0.00213,0.00213,0.00213,0.13575,0.17679,0.67254,0.00213,0.00213
0.00237,0.00237,0.00237,0.00237,0.70361,0.00237,0.17318,0.00237,0.10661,0.00237
0.00152,0.00152,0.00152,0.83484,0.00152,0.00152,0.00152,0.15303,0.00152,0.00152
0.00118,0.36338,0.00118,0.00118,0.00118,0.50622,0.00118,0.00118,0.00118,0.12216
0.00046,0.01153,0.00046,0.00046,0.00046,0.00046,0.00046,0.00046,0.00046,0.9848
0.00246,0.00246,0.00246,0.00246,0.51315,0.00246,0.10983,0.35977,0.00246,0.00246
0.00037,0.04178,0.00037,0.50861,0.00037,0.00037,0.00037,0.00037,0.447,0.00037
0.00172,0.00172,0.00172,0.07686,0.10004,0.75289,0.00172,0.00172,0.05986,0.00172
0.04629,0.00038,0.00038,0.00038,0.36213,0.30355,0.09291,0.19323,0.00038,0.00038
0.00055,0.00055,0.00055,0.72768,0.07546,0.00055,0.00055,0.19303,0.00055,0.00055
0.00022,0.18097,0.03835,0.00022,0.00022,0.03768,0.00022,0.02039,0.00022,0.7215
0.00824,0.00037,0.00037,0.00037,0.00037,0.00037,0.81602,0.16168,0.00037,0.01188
0.00155,0.00155,0.00155,0.00155,0.00155,0.77558,0.00155,0.08021,0.00155,0.13333
0.21153,0.00012,0.02394,0.00012,0.00012,0.225,0.02184,0.00012,0.00012,0.5171
0.17086,0.00013,0.00013,0.00013,0.00013,0.00013,0.14071,0.00013,0.00013,0.68752
0.00021,0.45711,0.00437,0.05512,0.02167,0.245,0.00021,0.00021,0.00021,0.21588
0.3828,0.00033,0.00033,0.00033,0.00033,0.33002,0.00033,0.28488,0.00033,0.00033
0.00065,0.83903,0.00065,0.00065,0.00065,0.00065,0.00065,0.00065,0.00065,0.15579
0.00061,0.00061,0.00061,0.79688,0.00061,0.19825,0.00061,0.00061,0.00061,0.00061
0.00279,0.00279,0.00279,0.00279,0.00279,0.40395,0.18844,0.00279,0.38808,0.00279
0.00133,0.34094,0.00133,0.00133,0.23776,0.00133,0.07338,0.33996,0.00133,0.00133
0.74932,0.00042,0.1279,0.00042,0.00042,0.03879,0.04818,0.03374,0.00042,0.00042
0.00246,0.00246,0.00246,0.00246,0.00246,0.90925,0.00246,0.00246,0.00246,0.07104
0.00011,0.00011,0.03733,0.00011,0.00011,0.05576,0.20613,0.70013,0.00011,0.00011
0.06324,0.02989,0.00027,0.03223,0.01268,0.67932,0.00027,0.05277,0.02081,0.10852
0.00065,0.7696,0.00065,0.00065,0.00065,0.00065,0.00065,0.00065,0.00065,0.22517
0.00256,0.00256,0.00256,0.92985,0.04964,0.00256,0.00256,0.00256,0.00256,0.00256
0.00213,0.00213,0.00213,0.79234,0.03146,0.00213,0.00213,0.16128,0.00213,0.00213
0.00322,0.00322,0.00322,0.91962,0.05465,0.00322,0.00322,0.00322,0.00322,0.00322
0.00246,0.5852,0.00246,0.00246,0.00246,0.00246,0.39509,0.00246,0.00246,0.00246
0.13931,0.15389,0.002,0.49952,0.002,0.19529,0.002,0.002,0.002,0.002
0.20528,0.00009,0.14203,0.00009,0.0345,0.00009,0.09551,0.52221,0.00009,0.00009
0.20528,0.00009,0.14203,0.00009,0.0345,0.00009,0.09551,0.52221,0.00009,0.00009
0.02144,0.00019,0.00019,0.00019,0.00019,0.13132,0.30778,0.07176,0.00019,0.46676
0.00019,0.00019,0.00019,0.05532,0.00019,0.07439,0.35739,0.51177,0.00019,0.00019
0.00029,0.00029,0.10553,0.08794,0.65965,0.14513,0.00029,0.00029,0.00029,0.00029
0.14846,0.0002,0.0002,0.0002,0.0002,0.0002,0.0002,0.0002,0.0002,0.84998
0.00023,0.00023,0.00023,0.00023,0.08607,0.27664,0.00023,0.05208,0.00023,0.58385
0.00292,0.00292,0.00292,0.77847,0.077,0.1241,0.00292,0.00292,0.00292,0.00292
0.00022,0.07706,0.00792,0.31141,0.37106,0.20479,0.00022,0.00022,0.02688,0.00022
0.0003,0.0003,0.0003,0.0003,0.0003,0.0003,0.0003,0.99728,0.0003,0.0003
0.14442,0.00048,0.00048,0.47912,0.12883,0.00048,0.00048,0.24478,0.00048,0.00048
0.05376,0.00063,0.11464,0.00063,0.00063,0.00063,0.00063,0.00063,0.00063,0.82721
0.00237,0.26327,0.15891,0.00237,0.00237,0.00237,0.00237,0.16523,0.00237,0.39836
0.00064,0.00064,0.13042,0.00064,0.00064,0.00064,0.00064,0.00064,0.12283,0.74227
0.00035,0.00035,0.23837,0.00035,0.00035,0.00035,0.00035,0.00035,0.00035,0.75884
0.00031,0.00031,0.00031,0.00031,0.00031,0.79807,0.00031,0.00031,0.00031,0.19948
0.01214,0.39641,0.01183,0.31707,0.00014,0.00014,0.05992,0.00014,0.00014,0.20205
0.00025,0.01835,0.00025,0.00025,0.00025,0.53406,0.1306,0.31552,0.00025,0.00025
0.00053,0.00053,0.00053,0.00053,0.00053,0.83653,0.00053,0.00053,0.00053,0.15921
0.06255,0.0004,0.0004,0.70553,0.0004,0.09423,0.11283,0.0004,0.0004,0.02289
0.00036,0.8616,0.00036,0.00036,0.00036,0.00036,0.00036,0.00036,0.00036,0.13552
0.00024,0.00024,0.00024,0.00024,0.00024,0.00024,0.61983,0.00024,0.37827,0.00024
0.00013,0.0666,0.02738,0.82408,0.00013,0.00013,0.06812,0.00013,0.00013,0.01316
0.00053,0.00053,0.00053,0.1987,0.00053,0.60572,0.19189,0.00053,0.00053,0.00053
0.76421,0.00237,0.00237,0.00237,0.00237,0.00237,0.00237,0.00237,0.00237,0.21682
0.00229,0.74399,0.00229,0.00229,0.00229,0.00229,0.00229,0.00229,0.23772,0.00229
0.00038,0.00038,0.01745,0.00038,0.00038,0.84472,0.00038,0.00038,0.00038,0.13519
0.00138,0.00138,0.77236,0.00138,0.00138,0.00138,0.00138,0.00138,0.21657,0.00138
0.19553,0.0006,0.0006,0.50427,0.0006,0.0006,0.07388,0.22273,0.0006,0.0006
0.00082,0.00082,0.00082,0.00082,0.00082,0.94674,0.00082,0.00082,0.00082,0.04667
0.00279,0.00279,0.00279,0.00279,0.00279,0.00279,0.00279,0.97489,0.00279,0.00279
0.00172,0.00172,0.00172,0.07686,0.10004,0.75289,0.00172,0.00172,0.05986,0.00172
0.0013,0.0013,0.98831,0.0013,0.0013,0.0013,0.0013,0.0013,0.0013,0.0013
0.00172,0.36642,0.00172,0.00172,0.00172,0.61979,0.00172,0.00172,0.00172,0.00172
0.00014,0.08364,0.02882,0.80197,0.00014,0.00014,0.07196,0.00014,0.00014,0.0129
0.00048,0.00048,0.00048,0.00048,0.00048,0.94283,0.00048,0.00048,0.00048,0.05331
0.00047,0.00047,0.00047,0.00047,0.00047,0.95706,0.00047,0.00047,0.00047,0.03921
0.00027,0.00027,0.00027,0.00027,0.00027,0.7977,0.10013,0.06489,0.00027,0.03567
0.00033,0.00033,0.74663,0.00033,0.00033,0.00033,0.00033,0.00033,0.25072,0.00033
0.12969,0.00177,0.85613,0.00177,0.00177,0.00177,0.00177,0.00177,0.00177,0.00177
0.00057,0.00057,0.00057,0.05861,0.00057,0.00057,0.46232,0.00057,0.47508,0.00057
0.00177,0.00177,0.00177,0.98405,0.00177,0.00177,0.00177,0.00177,0.00177,0.00177
0.00021,0.00021,0.00021,0.07052,0.01832,0.86119,0.04873,0.00021,0.00021,0.00021
0.00028,0.00028,0.00028,0.00028,0.00028,0.92771,0.00028,0.00028,0.00028,0.07007
0.24493,0.0002,0.12178,0.0002,0.0002,0.0002,0.57809,0.05398,0.0002,0.0002
0.00246,0.00246,0.00246,0.00246,0.00246,0.58301,0.00246,0.14235,0.00246,0.25739
0.03164,0.3914,0.00023,0.29529,0.00023,0.14552,0.00023,0.11446,0.00023,0.02075
0.03777,0.00069,0.00069,0.00069,0.00069,0.25547,0.00069,0.70193,0.00069,0.00069
0.00034,0.07139,0.00034,0.11175,0.00034,0.00034,0.00034,0.00034,0.74105,0.07374
0.92696,0.00028,0.00028,0.00028,0.00028,0.07078,0.00028,0.00028,0.00028,0.00028
0.00246,0.00246,0.15587,0.00246,0.00246,0.00246,0.82443,0.00246,0.00246,0.00246
0.05634,0.00043,0.00043,0.00043,0.00043,0.00043,0.40448,0.00043,0.13931,0.3973
0.77281,0.00026,0.14143,0.00026,0.00026,0.05071,0.00026,0.00026,0.03351,0.00026
0.00118,0.07291,0.00118,0.00118,0.00118,0.85107,0.00118,0.00118,0.00118,0.06778
0.0004,0.0004,0.0004,0.0004,0.47199,0.52483,0.0004,0.0004,0.0004,0.0004
0.0012,0.03446,0.08172,0.0012,0.0012,0.0012,0.87542,0.0012,0.0012,0.0012
0.98015,0.00221,0.00221,0.00221,0.00221,0.00221,0.00221,0.00221,0.00221,0.00221
0.00036,0.11275,0.00036,0.00036,0.00036,0.00036,0.00036,0.00036,0.00036,0.8844
0.99753,0.00027,0.00027,0.00027,0.00027,0.00027,0.00027,0.00027,0.00027,0.00027
0.96098,0.00033,0.00033,0.00033,0.00033,0.03639,0.00033,0.00033,0.00033,0.00033
0.66375,0.0002,0.07321,0.0002,0.0002,0.0002,0.17049,0.0002,0.05954,0.03202
0.00036,0.13209,0.00036,0.00036,0.00036,0.00036,0.00036,0.00036,0.00036,0.86502
0.07424,0.31375,0.00032,0.00032,0.00032,0.38471,0.00032,0.22536,0.00032,0.00032
0.00279,0.00279,0.00279,0.43697,0.00279,0.00279,0.00279,0.54071,0.00279,0.00279
0.00037,0.13149,0.00037,0.00037,0.00037,0.00037,0.00037,0.00037,0.00037,0.86559
0.00246,0.43789,0.17194,0.00246,0.00246,0.00246,0.00246,0.00246,0.37292,0.00246
0.00046,0.17561,0.00046,0.00046,0.00046,0.00046,0.00046,0.00046,0.00046,0.8207
0.00036,0.13761,0.00036,0.00036,0.00036,0.00036,0.00036,0.00036,0.00036,0.85951
0.18232,0.24811,0.00061,0.30837,0.00061,0.00061,0.00061,0.00061,0.25754,0.00061
0.65364,0.00018,0.05276,0.00018,0.00018,0.00018,0.18101,0.00018,0.07127,0.0404
0.00172,0.00172,0.00172,0.07686,0.10004,0.75289,0.00172,0.00172,0.05986,0.00172
0.0969,0.32367,0.00085,0.43417,0.00085,0.00085,0.00085,0.00085,0.14018,0.00085
0.54012,0.13476,0.00023,0.24008,0.01452,0.00023,0.06936,0.00023,0.00023,0.00023
0.63468,0.0003,0.06284,0.0003,0.01571,0.03783,0.10301,0.0003,0.08081,0.06422
0.00023,0.56954,0.00023,0.31869,0.00023,0.11015,0.00023,0.00023,0.00023,0.00023
0.60928,0.00152,0.06816,0.00152,0.00152,0.00152,0.31194,0.00152,0.00152,0.00152
0.50753,0.00229,0.00229,0.00229,0.00229,0.00229,0.00229,0.00229,0.26049,0.21598
0.64384,0.00019,0.07162,0.00019,0.00019,0.00019,0.17008,0.00019,0.07116,0.04236
0.0013,0.0013,0.0013,0.0013,0.0013,0.53108,0.39842,0.0013,0.06141,0.0013
0.00033,0.0933,0.00033,0.00033,0.00033,0.00033,0.27692,0.04618,0.00033,0.58163
0.00028,0.00028,0.00028,0.00028,0.00028,0.00028,0.09645,0.00028,0.00028,0.90127
0.002,0.002,0.98203,0.002,0.002,0.002,0.002,0.002,0.002,0.002
0.00056,0.00056,0.00056,0.00056,0.00056,0.13139,0.00056,0.86416,0.00056,0.00056
0.13034,0.00125,0.38343,0.00125,0.00125,0.00125,0.4775,0.00125,0.00125,0.00125
0.00035,0.00035,0.00035,0.00035,0.00035,0.43369,0.33428,0.22961,0.00035,0.00035
0.14093,0.1736,0.09801,0.19224,0.0005,0.0005,0.0005,0.0005,0.26912,0.12409
0.00256,0.00256,0.00256,0.00256,0.00256,0.97693,0.00256,0.00256,0.00256,0.00256
0.00064,0.25181,0.00064,0.00064,0.00064,0.00064,0.50084,0.00064,0.24287,0.00064
0.00246,0.00246,0.00246,0.00246,0.00246,0.43956,0.54073,0.00246,0.00246,0.00246
0.11473,0.00032,0.14131,0.40659,0.00032,0.00032,0.00032,0.00032,0.2685,0.06728
0.00237,0.00237,0.00237,0.00237,0.00237,0.97866,0.00237,0.00237,0.00237,0.00237
0.02823,0.00037,0.00037,0.27542,0.03014,0.00037,0.05739,0.60695,0.00037,0.00037
0.00092,0.22289,0.00092,0.00092,0.00092,0.76975,0.00092,0.00092,0.00092,0.00092
0.00256,0.12937,0.00256,0.00256,0.85012,0.00256,0.00256,0.00256,0.00256,0.00256
0.00116,0.00116,0.00116,0.00116,0.00116,0.9896,0.00116,0.00116,0.00116,0.00116
0.00045,0.30563,0.00045,0.00045,0.00045,0.49103,0.00045,0.00045,0.00045,0.20022
0.00172,0.00172,0.00172,0.07686,0.10004,0.75289,0.00172,0.00172,0.05986,0.00172
0.00065,0.36342,0.00065,0.00065,0.00065,0.54353,0.00065,0.00065,0.00065,0.08853
0.00029,0.00029,0.10553,0.08794,0.65965,0.14513,0.00029,0.00029,0.00029,0.00029
0.00053,0.15077,0.00053,0.00053,0.00053,0.68387,0.00053,0.00053,0.01039,0.15181
0.00037,0.00037,0.00037,0.51785,0.00037,0.00037,0.26858,0.01145,0.00037,0.19988
0.00045,0.00045,0.09979,0.00045,0.00045,0.1384,0.39701,0.00045,0.00045,0.36211
0.00045,0.00045,0.09979,0.00045,0.00045,0.1384,0.39701,0.00045,0.00045,0.36211
0.00017,0.00017,0.00017,0.00017,0.05242,0.16445,0.47277,0.22552,0.08398,0.00017
0.00049,0.00049,0.01207,0.00049,0.00049,0.41476,0.00049,0.56971,0.00049,0.00049
0.00039,0.00039,0.00039,0.00039,0.00039,0.66592,0.11733,0.00039,0.13673,0.07768
0.0002,0.0002,0.52744,0.0002,0.0002,0.04095,0.43022,0.0002,0.0002,0.0002
0.00237,0.00237,0.00237,0.28012,0.22514,0.3407,0.13982,0.00237,0.00237,0.00237
0.00292,0.00292,0.00292,0.00292,0.00292,0.81004,0.00292,0.16661,0.00292,0.00292
0.00034,0.00034,0.07346,0.15641,0.00034,0.36617,0.24468,0.00034,0.00034,0.15759
0.00221,0.00221,0.00221,0.00221,0.00221,0.57569,0.00221,0.40667,0.00221,0.00221
0.00049,0.00049,0.00049,0.00049,0.00049,0.5333,0.00049,0.46277,0.00049,0.00049
0.00037,0.00037,0.00037,0.00037,0.00037,0.44824,0.00037,0.50067,0.00037,0.04848
0.00047,0.00047,0.06976,0.00047,0.00047,0.60847,0.08152,0.23744,0.00047,0.00047
0.00145,0.00145,0.25755,0.00145,0.00145,0.07991,0.6524,0.00145,0.00145,0.00145
0.14523,0.00188,0.00188,0.00188,0.00188,0.66181,0.00188,0.00188,0.00188,0.17982
0.18073,0.00035,0.06525,0.0381,0.00035,0.31066,0.10135,0.30252,0.00035,0.00035
0.00159,0.00159,0.00159,0.00159,0.00159,0.00159,0.00159,0.98566,0.00159,0.00159
0.00267,0.00267,0.00267,0.00267,0.00267,0.00267,0.00267,0.97595,0.00267,0.00267
0.00021,0.00021,0.00545,0.78328,0.00021,0.00021,0.00021,0.15726,0.00021,0.05276
0.00027,0.75652,0.00027,0.12309,0.00027,0.08572,0.00027,0.00027,0.00027,0.03303
0.00061,0.60474,0.00061,0.39039,0.00061,0.00061,0.00061,0.00061,0.00061,0.00061
0.04924,0.00013,0.00013,0.00013,0.00013,0.00013,0.85472,0.09516,0.00013,0.00013
0.0003,0.0003,0.0003,0.0003,0.0003,0.15427,0.0003,0.84329,0.0003,0.0003
0.49799,0.00021,0.00021,0.00021,0.00021,0.00021,0.06516,0.00021,0.05228,0.38331
0.24027,0.02443,0.00021,0.00021,0.00021,0.00021,0.2386,0.00021,0.00021,0.49544
0.00052,0.00052,0.00052,0.00052,0.00052,0.46356,0.00052,0.00052,0.00052,0.53229
0.00093,0.16398,0.00093,0.00093,0.00093,0.82855,0.00093,0.00093,0.00093,0.00093
0.00306,0.00306,0.00306,0.00306,0.00306,0.189,0.00306,0.78652,0.00306,0.00306
0.13521,0.00017,0.00017,0.00017,0.00017,0.18975,0.00017,0.00017,0.00017,0.67387
0.38203,0.00054,0.19603,0.00054,0.00054,0.00054,0.00054,0.00054,0.0282,0.39049
0.00039,0.00039,0.00039,0.00039,0.00039,0.33099,0.03437,0.6319,0.00039,0.00039
0.36286,0.00041,0.00041,0.00041,0.00041,0.00041,0.00041,0.00041,0.16749,0.46678
0.002,0.002,0.002,0.002,0.002,0.002,0.002,0.98203,0.002,0.002
0.00172,0.00172,0.00172,0.07686,0.10004,0.75289,0.00172,0.00172,0.05986,0.00172
0.03657,0.00054,0.00054,0.00054,0.00054,0.00054,0.00054,0.94772,0.01195,0.00054
0.06012,0.00015,0.03313,0.00015,0.00015,0.27383,0.00015,0.00015,0.00015,0.632
0.00034,0.49959,0.00034,0.33076,0.00034,0.00034,0.00034,0.00034,0.00505,0.16254
0.00229,0.05477,0.00229,0.00229,0.00229,0.00229,0.00229,0.00229,0.00229,0.92695
0.08877,0.01768,0.00009,0.18923,0.00009,0.0908,0.07332,0.02078,0.00009,0.51916
0.24369,0.00279,0.00279,0.00279,0.00279,0.56582,0.00279,0.00279,0.00279,0.17095
0.00279,0.00279,0.00279,0.00279,0.00279,0.00279,0.00279,0.97489,0.00279,0.00279
0.15147,0.00027,0.00027,0.00027,0.00027,0.84634,0.00027,0.00027,0.00027,0.00027
0.00177,0.00177,0.00177,0.00177,0.00177,0.53281,0.00177,0.45301,0.00177,0.00177
0.00057,0.00057,0.00057,0.00057,0.00057,0.00057,0.00057,0.00057,0.99486,0.00057
0.09069,0.00229,0.00229,0.00229,0.89103,0.00229,0.00229,0.00229,0.00229,0.00229
0.00034,0.00034,0.00034,0.72725,0.00034,0.00034,0.17942,0.06166,0.00034,0.02961
0.00038,0.00038,0.00038,0.00038,0.91696,0.00038,0.00038,0.00038,0.08003,0.00038
0.00072,0.00072,0.00072,0.00072,0.00072,0.00072,0.00072,0.00072,0.99351,0.00072
0.00038,0.00038,0.00038,0.00038,0.94682,0.00038,0.00038,0.00038,0.05013,0.00038
0.00292,0.00292,0.00292,0.00292,0.00292,0.84345,0.00292,0.00292,0.13319,0.00292
0.00059,0.06474,0.01784,0.00059,0.00059,0.91328,0.00059,0.00059,0.00059,0.00059
0.00172,0.00172,0.00172,0.07686,0.10004,0.75289,0.00172,0.00172,0.05986,0.00172
0.15103,0.00025,0.00025,0.00025,0.00025,0.34841,0.00025,0.49883,0.00025,0.00025
0.00047,0.00047,0.04901,0.00047,0.00047,0.06085,0.00047,0.00047,0.00047,0.88688
0.00033,0.0524,0.00033,0.00033,0.00033,0.80915,0.00033,0.00033,0.00033,0.13611
0.00237,0.19255,0.00237,0.00237,0.00237,0.78848,0.00237,0.00237,0.00237,0.00237
0.00072,0.00072,0.35416,0.01597,0.00072,0.38644,0.2391,0.00072,0.00072,0.00072
0.1862,0.27007,0.00024,0.36094,0.15367,0.00024,0.02794,0.00024,0.00024,0.00024
0.1238,0.0117,0.067,0.00029,0.00029,0.00029,0.00029,0.00029,0.00029,0.79575
0.00177,0.00177,0.00177,0.00177,0.00177,0.00177,0.00177,0.98405,0.00177,0.00177
0.00256,0.00256,0.00256,0.00256,0.00256,0.00256,0.00256,0.97693,0.00256,0.00256
0.00246,0.00246,0.00246,0.00246,0.00246,0.17522,0.00246,0.80507,0.00246,0.00246
0.74108,0.02509,0.10802,0.00034,0.01745,0.00034,0.08242,0.00034,0.00034,0.02459
0.0004,0.0004,0.0004,0.0004,0.0004,0.20853,0.0004,0.78829,0.0004,0.0004
0.00036,0.47397,0.00036,0.03364,0.07521,0.41503,0.00036,0.00036,0.00036,0.00036
0.00039,0.00039,0.00039,0.00039,0.00039,0.57811,0.00039,0.14648,0.00039,0.27266
0.00028,0.19282,0.00028,0.00028,0.00028,0.57218,0.00028,0.00028,0.05595,0.17739
0.00051,0.00051,0.00051,0.26691,0.00051,0.00051,0.00051,0.00051,0.62814,0.10135
0.00172,0.00172,0.05988,0.06369,0.00172,0.51896,0.34713,0.00172,0.00172,0.00172
0.00059,0.28924,0.00059,0.70606,0.00059,0.00059,0.00059,0.00059,0.00059,0.00059
0.0013,0.27333,0.0013,0.0013,0.0013,0.48799,0.0013,0.0013,0.0013,0.22959
0.11786,0.00358,0.00358,0.00358,0.00358,0.00358,0.00358,0.00358,0.85349,0.00358
0.1974,0.13893,0.0002,0.09697,0.0002,0.0002,0.0002,0.0002,0.5655,0.0002
0.00306,0.00306,0.00306,0.38279,0.00306,0.00306,0.00306,0.00306,0.59273,0.00306
0.04001,0.00023,0.00023,0.2957,0.00023,0.00023,0.00023,0.01145,0.00023,0.65148
0.00026,0.00026,0.30436,0.01272,0.00026,0.18368,0.36099,0.00026,0.13694,0.00026
0.00046,0.00046,0.00046,0.26798,0.00046,0.00046,0.0295,0.00046,0.69933,0.00046
0.00104,0.00104,0.00104,0.39822,0.00104,0.00104,0.00104,0.00104,0.59345,0.00104
0.00213,0.20082,0.12808,0.00213,0.15119,0.00213,0.00213,0.00213,0.50712,0.00213
0.00152,0.00152,0.00152,0.00152,0.00152,0.72546,0.26241,0.00152,0.00152,0.00152
0.00076,0.09562,0.00076,0.00076,0.00076,0.81036,0.08874,0.00076,0.00076,0.00076
0.00045,0.00045,0.00045,0.00045,0.00045,0.8219,0.00045,0.00045,0.00045,0.17448
0.00044,0.00044,0.00044,0.00044,0.00044,0.80592,0.00044,0.00044,0.00044,0.19058
0.00159,0.00159,0.00159,0.00159,0.00159,0.98566,0.00159,0.00159,0.00159,0.00159
0.00172,0.00172,0.00172,0.07686,0.10004,0.75289,0.00172,0.00172,0.05986,0.00172
0.00237,0.19255,0.00237,0.00237,0.00237,0.78848,0.00237,0.00237,0.00237,0.00237
0.00292,0.00292,0.00292,0.72889,0.00292,0.00292,0.00292,0.24776,0.00292,0.00292
0.03242,0.08577,0.04127,0.00014,0.00014,0.26867,0.00014,0.00014,0.00014,0.57118
0.00033,0.00033,0.00033,0.00033,0.00033,0.33227,0.00033,0.66507,0.00033,0.00033
0.00152,0.00152,0.06284,0.00152,0.00152,0.00152,0.00152,0.00152,0.92503,0.00152
0.00152,0.00152,0.06284,0.00152,0.00152,0.00152,0.00152,0.00152,0.92503,0.00152
0.16281,0.01446,0.00024,0.03441,0.00024,0.00024,0.646,0.00024,0.02111,0.12025
0.00031,0.15844,0.00031,0.08142,0.2927,0.00031,0.00031,0.02776,0.00031,0.43811
0.00256,0.00256,0.445,0.00256,0.00256,0.00256,0.00256,0.00256,0.5345,0.00256
0.00267,0.00267,0.61616,0.00267,0.00267,0.00267,0.00267,0.00267,0.36247,0.00267
0.00267,0.00267,0.61616,0.00267,0.00267,0.00267,0.00267,0.00267,0.36247,0.00267
0.00237,0.00237,0.00237,0.00237,0.00237,0.00237,0.00237,0.97866,0.00237,0.00237
0.08525,0.0004,0.0004,0.86672,0.04524,0.0004,0.0004,0.0004,0.0004,0.0004
0.002,0.31703,0.002,0.42117,0.002,0.002,0.002,0.20728,0.04254,0.002
0.00092,0.36896,0.00092,0.08617,0.24324,0.00092,0.00092,0.00092,0.00092,0.29611
0.00292,0.00292,0.00292,0.00292,0.00292,0.97373,0.00292,0.00292,0.00292,0.00292
0.64485,0.29475,0.0004,0.05758,0.0004,0.0004,0.0004,0.0004,0.0004,0.0004
0.64485,0.29475,0.0004,0.05758,0.0004,0.0004,0.0004,0.0004,0.0004,0.0004
0.00101,0.49884,0.00101,0.00101,0.00101,0.00101,0.00101,0.00101,0.00101,0.4931
0.00093,0.83169,0.00093,0.00093,0.00093,0.16084,0.00093,0.00093,0.00093,0.00093
0.00256,0.00256,0.3469,0.00256,0.00256,0.00256,0.00256,0.00256,0.6326,0.00256
0.00133,0.00133,0.00133,0.05692,0.69796,0.23584,0.00133,0.00133,0.00133,0.00133
0.00246,0.62121,0.00246,0.00246,0.00246,0.00246,0.00246,0.00246,0.00246,0.35908
0.00075,0.51736,0.00075,0.00075,0.00075,0.00075,0.00075,0.00075,0.00075,0.47667
0.00027,0.38756,0.31067,0.05293,0.00027,0.00027,0.05003,0.00027,0.19745,0.00027
0.26068,0.00093,0.00093,0.00093,0.00093,0.73185,0.00093,0.00093,0.00093,0.00093
0.00188,0.60818,0.00188,0.00188,0.00188,0.00188,0.00188,0.00188,0.00188,0.3768
0.00048,0.60269,0.00048,0.00048,0.00048,0.00048,0.00048,0.00048,0.00048,0.3935
0.00079,0.08962,0.00079,0.00079,0.00079,0.88239,0.00079,0.00079,0.00079,0.02244
0.00054,0.04535,0.00054,0.00054,0.00054,0.72456,0.00054,0.00054,0.00054,0.2263
0.05393,0.00042,0.00042,0.00042,0.00042,0.57677,0.00042,0.36636,0.00042,0.00042
0.00061,0.22824,0.00061,0.00061,0.00061,0.00061,0.00061,0.00061,0.76689,0.00061
0.05865,0.00055,0.00055,0.00055,0.93698,0.00055,0.00055,0.00055,0.00055,0.00055
0.00172,0.00172,0.00172,0.07686,0.10004,0.75289,0.00172,0.00172,0.05986,0.00172
0.26354,0.00101,0.51386,0.00101,0.1401,0.07645,0.00101,0.00101,0.00101,0.00101
0.26354,0.00101,0.51386,0.00101,0.1401,0.07645,0.00101,0.00101,0.00101,0.00101
0.03126,0.00021,0.48194,0.00021,0.00021,0.00021,0.16685,0.00021,0.31867,0.00021
0.8005,0.07501,0.04522,0.00025,0.00025,0.00025,0.00025,0.00025,0.00025,0.07776
0.0544,0.00058,0.07872,0.00058,0.00058,0.69984,0.00058,0.00058,0.00058,0.16359
0.00023,0.06909,0.00023,0.00023,0.00023,0.15234,0.00023,0.00023,0.00023,0.77694
0.54966,0.00019,0.00019,0.00019,0.00019,0.20467,0.00019,0.00019,0.00019,0.24435
0.00267,0.00267,0.08839,0.00267,0.05945,0.52011,0.31602,0.00267,0.00267,0.00267
0.00221,0.00221,0.09024,0.00221,0.05761,0.71867,0.00221,0.00221,0.00221,0.12024
0.06571,0.00023,0.10562,0.00023,0.03016,0.58293,0.04189,0.00023,0.17278,0.00023
0.00246,0.35384,0.00246,0.4802,0.00246,0.00246,0.00246,0.00246,0.14871,0.00246
0.00039,0.28168,0.00039,0.19672,0.00039,0.11356,0.00039,0.00039,0.40571,0.00039
0.17593,0.18434,0.00065,0.00065,0.00065,0.00065,0.34375,0.00065,0.29207,0.00065
0.0003,0.0003,0.15671,0.0003,0.0003,0.0003,0.0003,0.84092,0.0003,0.0003
0.00048,0.00048,0.00048,0.00048,0.05102,0.5907,0.00048,0.00048,0.00048,0.35495
0.00279,0.00279,0.00279,0.00279,0.00279,0.41776,0.00279,0.55992,0.00279,0.00279
0.32872,0.00168,0.00168,0.00168,0.00168,0.00168,0.10304,0.00168,0.00168,0.55649
0.00172,0.00172,0.00172,0.07686,0.10004,0.75289,0.00172,0.00172,0.05986,0.00172
0.00022,0.00022,0.00022,0.00022,0.00022,0.64672,0.19679,0.00022,0.00022,0.15493
0.00194,0.00194,0.03562,0.09539,0.10241,0.6748,0.00194,0.00194,0.08209,0.00194
0.0756,0.00004,0.12855,0.00004,0.00004,0.00004,0.174,0.62163,0.00004,0.00004
0.00048,0.00048,0.08673,0.00048,0.00048,0.00048,0.48984,0.42005,0.00048,0.00048
0.04865,0.00047,0.00047,0.00047,0.00047,0.94757,0.00047,0.00047,0.00047,0.00047
0.00237,0.00237,0.00237,0.00237,0.71815,0.00237,0.00237,0.26288,0.00237,0.00237
0.4677,0.21606,0.00032,0.30122,0.00032,0.00032,0.00032,0.00032,0.01309,0.00032
0.04086,0.62843,0.11516,0.10605,0.09808,0.00229,0.00229,0.00229,0.00229,0.00229
0.00246,0.00246,0.97783,0.00246,0.00246,0.00246,0.00246,0.00246,0.00246,0.00246
0.04072,0.00016,0.00016,0.00016,0.00016,0.17243,0.00016,0.00016,0.00016,0.78575
0.19758,0.02558,0.00031,0.00031,0.00031,0.20456,0.22421,0.34651,0.00031,0.00031
0.00038,0.24241,0.00038,0.03076,0.00038,0.00038,0.00038,0.00038,0.72418,0.00038
0.00229,0.00229,0.00229,0.97943,0.00229,0.00229,0.00229,0.00229,0.00229,0.00229
0.00052,0.00052,0.00052,0.00052,0.37678,0.55303,0.00052,0.06652,0.00052,0.00052
0.1586,0.00048,0.00048,0.83756,0.00048,0.00048,0.00048,0.00048,0.00048,0.00048
0.05712,0.00155,0.00155,0.93045,0.00155,0.00155,0.00155,0.00155,0.00155,0.00155
0.15258,0.00078,0.00078,0.84115,0.00078,0.00078,0.00078,0.00078,0.00078,0.00078
0.20451,0.00067,0.00067,0.79015,0.00067,0.00067,0.00067,0.00067,0.00067,0.00067
0.19924,0.0007,0.0007,0.79512,0.0007,0.0007,0.0007,0.0007,0.0007,0.0007
0.00163,0.00163,0.00163,0.00163,0.00163,0.98529,0.00163,0.00163,0.00163,0.00163
0.00047,0.35702,0.00047,0.00047,0.00047,0.00047,0.00047,0.00047,0.63922,0.00047
0.00036,0.02551,0.00036,0.00036,0.15349,0.00036,0.00036,0.00036,0.00036,0.8185
0.01274,0.43463,0.00018,0.53651,0.01503,0.00018,0.00018,0.00018,0.00018,0.00018
0.11853,0.00028,0.57346,0.00028,0.00028,0.00028,0.10651,0.00028,0.19981,0.00028
0.12615,0.00026,0.00026,0.17306,0.00026,0.54074,0.00026,0.00026,0.00026,0.15849
0.00066,0.00066,0.90024,0.00066,0.00066,0.00066,0.00066,0.00066,0.09448,0.00066
0.00074,0.00074,0.00074,0.00074,0.00074,0.00074,0.00074,0.99336,0.00074,0.00074
0.25815,0.15185,0.00206,0.00206,0.00206,0.00206,0.29293,0.00206,0.28469,0.00206
0.00017,0.00017,0.01545,0.00017,0.27834,0.00017,0.29266,0.41256,0.00017,0.00017
0.72295,0.00032,0.00032,0.00032,0.00032,0.00032,0.13636,0.00032,0.00032,0.13845
0.00077,0.00077,0.00077,0.00077,0.00077,0.08037,0.00077,0.91344,0.00077,0.00077
0.00246,0.00246,0.00246,0.00246,0.00246,0.00246,0.00246,0.97783,0.00246,0.00246
0.00221,0.00221,0.00221,0.00221,0.00221,0.00221,0.00221,0.91742,0.00221,0.06493
0.00237,0.00237,0.00237,0.00237,0.062,0.87035,0.00237,0.00237,0.05105,0.00237
0.00063,0.00063,0.00063,0.00063,0.17162,0.66838,0.00063,0.0468,0.00063,0.1094
0.00037,0.00037,0.00037,0.00037,0.00037,0.27082,0.13104,0.59553,0.00037,0.00037
0.00292,0.00292,0.00292,0.00292,0.00292,0.97373,0.00292,0.00292,0.00292,0.00292
0.00159,0.00159,0.00159,0.00159,0.00159,0.10846,0.00159,0.64262,0.00159,0.23778
0.23708,0.0003,0.0003,0.06414,0.0003,0.61352,0.0003,0.0003,0.0003,0.08348
0.00206,0.00206,0.00206,0.00206,0.00206,0.00206,0.08878,0.89473,0.00206,0.00206
0.00059,0.00059,0.00059,0.00059,0.00059,0.00059,0.00059,0.99472,0.00059,0.00059
0.00059,0.39076,0.00059,0.00059,0.00059,0.00059,0.00059,0.00059,0.6045,0.00059
0.00047,0.27711,0.00047,0.00047,0.00047,0.00047,0.00047,0.00047,0.71916,0.00047
0.00059,0.00059,0.00059,0.00059,0.00059,0.28681,0.00059,0.70845,0.00059,0.00059
0.00072,0.00072,0.00072,0.00072,0.00072,0.00072,0.00072,0.89137,0.10287,0.00072
0.24003,0.00075,0.00075,0.00075,0.00075,0.00075,0.53525,0.00075,0.2195,0.00075
0.6113,0.38123,0.00093,0.00093,0.00093,0.00093,0.00093,0.00093,0.00093,0.00093
0.38066,0.45595,0.00032,0.06264,0.00032,0.00032,0.00032,0.00032,0.04231,0.05685
0.00075,0.09141,0.00075,0.26107,0.00075,0.6423,0.00075,0.00075,0.00075,0.00075
0.494,0.44114,0.00049,0.00049,0.00049,0.00049,0.00049,0.00049,0.00049,0.06146
0.51809,0.37953,0.00099,0.00099,0.00099,0.00099,0.00099,0.00099,0.09543,0.00099
0.00025,0.00025,0.00673,0.00025,0.00025,0.16635,0.03145,0.7826,0.00025,0.01162
0.00172,0.00172,0.00172,0.07686,0.10004,0.75289,0.00172,0.00172,0.05986,0.00172
0.48759,0.3184,0.00056,0.00056,0.00056,0.00056,0.00056,0.00056,0.19012,0.00056
0.002,0.002,0.36451,0.002,0.002,0.61952,0.002,0.002,0.002,0.002
0.04067,0.00035,0.19137,0.00035,0.00035,0.64741,0.00035,0.00035,0.11843,0.00035
0.00036,0.00036,0.00036,0.0602,0.33742,0.59988,0.00036,0.00036,0.00036,0.00036
0.00031,0.09895,0.00031,0.00031,0.25319,0.64568,0.00031,0.00031,0.00031,0.00031
0.08679,0.00015,0.00015,0.00015,0.00015,0.20339,0.09993,0.00015,0.00015,0.60898
0.04979,0.03476,0.00025,0.00638,0.00025,0.05535,0.39085,0.00025,0.00025,0.46189
0.00049,0.26291,0.00049,0.02567,0.18911,0.51935,0.00049,0.00049,0.00049,0.00049
0.00034,0.03739,0.00034,0.00034,0.27683,0.35389,0.20102,0.00034,0.0312,0.09832
0.06926,0.00013,0.49922,0.00013,0.01399,0.11116,0.27239,0.02087,0.01272,0.00013
0.00292,0.00292,0.00292,0.75228,0.00292,0.22437,0.00292,0.00292,0.00292,0.00292
0.00022,0.31626,0.00022,0.03392,0.10882,0.53968,0.00022,0.00022,0.00022,0.00022
0.00047,0.00047,0.00047,0.00047,0.00047,0.5591,0.38177,0.00047,0.00047,0.05582
0.00047,0.00047,0.00047,0.00047,0.00047,0.5591,0.38177,0.00047,0.00047,0.05582
0.00031,0.21842,0.00031,0.00031,0.23412,0.54532,0.00031,0.00031,0.00031,0.00031
0.58629,0.00021,0.08455,0.00021,0.00021,0.06916,0.09362,0.00021,0.02859,0.13695
0.26081,0.00046,0.00046,0.00046,0.00046,0.47009,0.00046,0.15919,0.01256,0.09507
0.29831,0.0004,0.0004,0.0004,0.0004,0.0004,0.55483,0.09844,0.04604,0.0004
0.00055,0.00055,0.00055,0.00055,0.00055,0.00055,0.00055,0.00055,0.99504,0.00055
0.7006,0.00024,0.05346,0.00024,0.00024,0.00024,0.06286,0.00024,0.00024,0.18162
0.00034,0.00034,0.00034,0.00034,0.00034,0.4413,0.00034,0.00034,0.00034,0.55597
0.0004,0.0004,0.96831,0.0004,0.0004,0.0004,0.0004,0.02847,0.0004,0.0004
0.00057,0.00057,0.00057,0.00057,0.00057,0.00057,0.00057,0.00057,0.99491,0.00057
0.0878,0.0003,0.77792,0.07689,0.01982,0.00688,0.0003,0.0003,0.0295,0.0003
0.00046,0.00046,0.00046,0.00046,0.00046,0.00046,0.39802,0.00046,0.59829,0.00046
0.00145,0.00145,0.00145,0.00145,0.00145,0.13175,0.54685,0.31128,0.00145,0.00145
0.46363,0.00057,0.31041,0.00057,0.00057,0.00057,0.03452,0.00057,0.18805,0.00057
0.61571,0.03661,0.09739,0.00019,0.00019,0.00019,0.09141,0.00019,0.00019,0.15796
0.00058,0.00058,0.00058,0.03879,0.12177,0.77748,0.00058,0.0585,0.00058,0.00058
0.57074,0.00246,0.40955,0.00246,0.00246,0.00246,0.00246,0.00246,0.00246,0.00246
0.57067,0.00062,0.30054,0.00062,0.00062,0.00062,0.00062,0.00062,0.12449,0.00062
0.00116,0.00116,0.00116,0.03867,0.25768,0.69556,0.00116,0.00116,0.00116,0.00116
0.50822,0.00096,0.39691,0.00096,0.00096,0.00096,0.00096,0.00096,0.08814,0.00096
0.00033,0.15651,0.00033,0.03545,0.23937,0.56667,0.00033,0.00033,0.00033,0.00033
0.00292,0.00292,0.00292,0.00292,0.81355,0.00292,0.00292,0.00292,0.00292,0.1631
0.00056,0.00056,0.00056,0.00056,0.08153,0.17497,0.00056,0.68572,0.00056,0.05442
0.00041,0.00041,0.00041,0.00041,0.00041,0.72295,0.00041,0.00041,0.00041,0.27374
0.00069,0.06769,0.00069,0.03512,0.39844,0.49462,0.00069,0.00069,0.00069,0.00069
0.00213,0.00213,0.00213,0.00213,0.00213,0.81726,0.00213,0.00213,0.00213,0.16569
0.00172,0.00172,0.00172,0.07686,0.10004,0.75289,0.00172,0.00172,0.05986,0.00172
0.0006,0.0006,0.0006,0.0006,0.0344,0.80908,0.0006,0.0006,0.0006,0.15233
0.00012,0.0453,0.06104,0.26268,0.1051,0.0349,0.47283,0.0178,0.00012,0.00012
0.12842,0.00069,0.12302,0.00069,0.00069,0.00069,0.50713,0.00069,0.2373,0.00069
0.46644,0.00026,0.00026,0.00026,0.00026,0.00026,0.00026,0.00026,0.00026,0.53149
0.00028,0.00028,0.8989,0.05468,0.00028,0.00028,0.00028,0.00028,0.04445,0.00028
0.56999,0.00043,0.00043,0.00043,0.00043,0.00043,0.28873,0.0596,0.00043,0.0791
0.00015,0.00015,0.98166,0.01716,0.00015,0.00015,0.00015,0.00015,0.00015,0.00015
0.12443,0.00025,0.73611,0.1377,0.00025,0.00025,0.00025,0.00025,0.00025,0.00025
0.00015,0.00015,0.92127,0.0775,0.00015,0.00015,0.00015,0.00015,0.00015,0.00015
0.07409,0.00013,0.89625,0.02873,0.00013,0.00013,0.00013,0.00013,0.00013,0.00013
0.00019,0.00019,0.91825,0.0106,0.0261,0.00019,0.00019,0.01699,0.0271,0.00019
0.00036,0.00036,0.9968,0.00036,0.00036,0.00036,0.00036,0.00036,0.00036,0.00036
0.00034,0.00034,0.98005,0.01726,0.00034,0.00034,0.00034,0.00034,0.00034,0.00034
0.10422,0.00049,0.80652,0.02147,0.06482,0.00049,0.00049,0.00049,0.00049,0.00049
0.0002,0.0002,0.97548,0.02294,0.0002,0.0002,0.0002,0.0002,0.0002,0.0002
0.00246,0.00246,0.97783,0.00246,0.00246,0.00246,0.00246,0.00246,0.00246,0.00246
0.00021,0.00021,0.95958,0.03876,0.00021,0.00021,0.00021,0.00021,0.00021,0.00021
0.00017,0.00017,0.92878,0.06984,0.00017,0.00017,0.00017,0.00017,0.00017,0.00017
0.0013,0.0013,0.83054,0.0013,0.0013,0.0013,0.0013,0.0013,0.15907,0.0013
0.00025,0.00025,0.97236,0.02564,0.00025,0.00025,0.00025,0.00025,0.00025,0.00025
0.00024,0.00024,0.93404,0.03836,0.00024,0.00024,0.00024,0.02596,0.00024,0.00024
0.00019,0.00019,0.9844,0.0141,0.00019,0.00019,0.00019,0.00019,0.00019,0.00019
0.06838,0.00014,0.90143,0.02922,0.00014,0.00014,0.00014,0.00014,0.00014,0.00014
0.00213,0.00213,0.98082,0.00213,0.00213,0.00213,0.00213,0.00213,0.00213,0.00213
0.05407,0.00017,0.02332,0.00017,0.00017,0.10489,0.73878,0.02623,0.01519,0.037
0.07492,0.00066,0.00066,0.09298,0.00066,0.00066,0.00066,0.18611,0.04387,0.59882
0.00056,0.00056,0.00056,0.00056,0.09015,0.64982,0.00056,0.25611,0.00056,0.00056
0.00048,0.00048,0.03853,0.44372,0.3771,0.00048,0.00048,0.00048,0.00048,0.1378
0.00152,0.00152,0.00152,0.00152,0.00152,0.86156,0.00152,0.1263,0.00152,0.00152
0.00292,0.00292,0.00292,0.00292,0.00292,0.97373,0.00292,0.00292,0.00292,0.00292
0.03365,0.00021,0.00021,0.00021,0.00021,0.00021,0.0952,0.86967,0.00021,0.00021
0.00267,0.00267,0.00267,0.00267,0.00267,0.78315,0.00267,0.00267,0.06767,0.13047
0.00069,0.32709,0.00069,0.00069,0.00069,0.00069,0.07044,0.00069,0.59764,0.00069
0.73363,0.00168,0.00168,0.00168,0.00168,0.00168,0.00168,0.25295,0.00168,0.00168
0.00135,0.00135,0.00135,0.00135,0.00135,0.00135,0.98781,0.00135,0.00135,0.00135
0.00206,0.00206,0.00206,0.00206,0.00206,0.00206,0.00206,0.98145,0.00206,0.00206
0.00042,0.00042,0.47357,0.30638,0.00042,0.191,0.00042,0.00042,0.00042,0.02655
0.00026,0.00026,0.57228,0.24236,0.00026,0.18356,0.00026,0.00026,0.00026,0.00026
0.32604,0.00028,0.00028,0.00028,0.00028,0.00028,0.00028,0.00028,0.00028,0.67174
0.03432,0.00027,0.02485,0.00027,0.00027,0.0895,0.30935,0.54062,0.00027,0.00027
0.00339,0.28389,0.00339,0.00339,0.00339,0.689,0.00339,0.00339,0.00339,0.00339
0.0013,0.27277,0.0013,0.0013,0.0013,0.0013,0.0013,0.0013,0.71684,0.0013
0.00072,0.25212,0.00072,0.07663,0.00072,0.66621,0.00072,0.00072,0.00072,0.00072
0.00127,0.19536,0.00127,0.00127,0.00127,0.79446,0.00127,0.00127,0.00127,0.00127
0.00061,0.00061,0.00061,0.00061,0.00061,0.00061,0.00061,0.00061,0.99452,0.00061
0.00237,0.00237,0.00237,0.00237,0.00237,0.00237,0.00237,0.10329,0.00237,0.87774
0.00237,0.00237,0.00237,0.66035,0.32069,0.00237,0.00237,0.00237,0.00237,0.00237
0.00141,0.00141,0.00141,0.07499,0.00141,0.91369,0.00141,0.00141,0.00141,0.00141
0.00085,0.00085,0.00085,0.00085,0.2171,0.7318,0.00085,0.00085,0.04518,0.00085
0.00172,0.00172,0.00172,0.07686,0.10004,0.75289,0.00172,0.00172,0.05986,0.00172
0.00062,0.00062,0.00062,0.00062,0.22036,0.75641,0.00062,0.00062,0.01888,0.00062
0.00054,0.00054,0.00054,0.00054,0.08618,0.90952,0.00054,0.00054,0.00054,0.00054
0.0006,0.07644,0.0006,0.0006,0.08575,0.78511,0.0006,0.0006,0.04912,0.0006
0.0003,0.0003,0.0003,0.2129,0.0003,0.10323,0.0003,0.56775,0.0003,0.11431
0.32876,0.00133,0.00133,0.00133,0.66063,0.00133,0.00133,0.00133,0.00133,0.00133
0.07583,0.05663,0.0002,0.0002,0.0002,0.26435,0.0002,0.0002,0.0002,0.60201
0.00221,0.00221,0.00221,0.58825,0.00221,0.3941,0.00221,0.00221,0.00221,0.00221
0.04896,0.00031,0.00031,0.00031,0.00031,0.00031,0.00031,0.94856,0.00031,0.00031
0.00049,0.01977,0.00049,0.00049,0.00049,0.00049,0.00049,0.00049,0.97633,0.00049
0.00027,0.13828,0.00027,0.00027,0.32284,0.4625,0.00027,0.00027,0.00027,0.07478
0.1222,0.0003,0.69838,0.0003,0.0003,0.0003,0.0003,0.0003,0.17735,0.0003
0.00068,0.00068,0.19723,0.0496,0.00068,0.57105,0.00068,0.17803,0.00068,0.00068
0.00021,0.00021,0.03727,0.00021,0.00021,0.40945,0.50915,0.04288,0.00021,0.00021
0.00127,0.32884,0.00127,0.00127,0.2258,0.28578,0.00127,0.00127,0.00127,0.15195
0.00063,0.29967,0.00063,0.35461,0.00063,0.34128,0.00063,0.00063,0.00063,0.00063
0.00229,0.00229,0.06017,0.92155,0.00229,0.00229,0.00229,0.00229,0.00229,0.00229
0.03116,0.0003,0.02969,0.0003,0.0003,0.65713,0.09064,0.11654,0.07363,0.0003
0.00256,0.00256,0.00256,0.00256,0.00256,0.38926,0.00256,0.14065,0.00256,0.45214
0.00042,0.00042,0.65609,0.00042,0.00042,0.00042,0.00042,0.00042,0.34056,0.00042
0.00138,0.00138,0.69158,0.00138,0.00138,0.00138,0.00138,0.00138,0.29735,0.00138
0.02394,0.00043,0.00043,0.00043,0.00043,0.00043,0.00043,0.97262,0.00043,0.00043
0.00246,0.00246,0.00246,0.91229,0.00246,0.00246,0.068,0.00246,0.00246,0.00246
0.00292,0.00292,0.00292,0.39567,0.00292,0.58098,0.00292,0.00292,0.00292,0.00292
0.00229,0.00229,0.00229,0.00229,0.00229,0.89689,0.00229,0.00229,0.00229,0.08483
